[Stage 1]
Plus
5
00100
00100
11111
00100
00100
[End]




[Stage 2]
Square
5
11111
10001
10001
10001
11111
[End]



[Stage 3]
Letter T
5
11111
00100
00100
00100
00100
[End]




[Stage 4]
Letter E
5
11111
10000
11100
10000
11111
[End]


[Stage 5]
Smiley
10
0000000000
0001001000
0001001000
0001001000
0000000000
0100000010
0010000100
0001111000
0000000000
0000000000
[End]

[Stage 6]
Mario
10
0011111110
0011111111
1111111111
0010100111
1110100111
1000000001
1111000001
0111100011
0010000110
0001111100
[End]